# Calbration constants for [f1, f2, f3, preshape]
encoder_zero_reference: [5.58634, 3.30708, 2.67926]
motor_zero_reference: [58.3661, 60.2635, 60.4537, 54.4635]
