# Calibration constants for [f1, f2, f3, preshape]
encoder_zero_reference: [2.99835, 1.74271, 0.785063]
motor_zero_reference: [60.4104, 56.3563, 57.1559, 54.1648]
